

Software Version	2.05.5



Experiment File Path:	C:\Users\Public\Documents\Experiments\Kortemme Lab\Kale\Experiment2.xpt
Protocol File Path:	C:\Users\Public\Documents\Protocols\Kortemme\Amanda\24hr_600.prt



Plate Number	Plate 1
Date	11/21/2016
Time	10:09:03 PM
Reader Type:	Synergy H4
Reader Serial Number:	14042918
Reading Type	Reader

Procedure Details

Plate Type	96 WELL PLATE
Set Temperature	Setpoint 37°C
	Preheat before moving to next step
Start Kinetic	Runtime 24:00:00 (HH:MM:SS), Interval 0:10:00, 145 Reads
    Shake	Fast, Continuous
    Read	Absorbance Endpoint
	Full Plate
	Wavelengths:  600
	Read Speed: Normal,  Delay: 100 msec,  Measurements/Data Point: 8
End Kinetic	
Set Temperature	Incubator off

600

Time	T° 600	A1	A2	A3	A4	A5	A6	A7	A8	A9	A10	A11	A12	B1	B2	B3	B4	B5	B6	B7	B8	B9	B10	B11	B12	C1	C2	C3	C4	C5	C6	C7	C8	C9	C10	C11	C12	D1	D2	D3	D4	D5	D6	D7	D8	D9	D10	D11	D12	E1	E2	E3	E4	E5	E6	E7	E8	E9	E10	E11	E12	F1	F2	F3	F4	F5	F6	F7	F8	F9	F10	F11	F12	G1	G2	G3	G4	G5	G6	G7	G8	G9	G10	G11	G12	H1	H2	H3	H4	H5	H6	H7	H8	H9	H10	H11	H12
0:09:29	37.0	0.051	0.418	0.193	0.138	0.101	0.080	0.075	0.077	0.079	0.077	0.079	0.050	0.052	0.077	0.083	0.078	0.081	0.092	0.082	0.107	0.151	0.231	0.431	0.050	0.051	0.077	0.080	0.082	0.081	0.083	0.083	0.082	0.085	0.078	0.076	0.050	0.051	0.071	0.075	0.082	0.076	0.085	0.080	0.078	0.078	0.077	0.077	0.051	0.050	0.059	0.060	0.059	0.060	0.059	0.056	0.056	0.058	0.058	0.059	0.052	0.050	0.057	0.058	0.058	0.058	0.061	0.060	0.056	0.056	0.059	0.055	0.052	0.049	0.056	0.057	0.059	0.060	0.060	0.060	0.061	0.060	0.058	0.061	0.051	0.050	0.052	0.054	0.054	0.056	0.059	0.054	0.057	0.053	0.054	0.054	0.051
0:19:29	37.0	0.051	0.419	0.194	0.136	0.098	0.078	0.076	0.077	0.079	0.076	0.080	0.050	0.052	0.077	0.083	0.078	0.081	0.092	0.080	0.106	0.150	0.231	0.430	0.050	0.051	0.077	0.080	0.082	0.082	0.082	0.083	0.082	0.085	0.078	0.077	0.050	0.051	0.071	0.075	0.082	0.076	0.085	0.080	0.078	0.078	0.077	0.078	0.050	0.050	0.059	0.060	0.059	0.061	0.059	0.057	0.056	0.058	0.059	0.059	0.052	0.050	0.058	0.058	0.058	0.059	0.061	0.060	0.057	0.056	0.059	0.056	0.052	0.049	0.056	0.057	0.059	0.061	0.060	0.061	0.061	0.060	0.059	0.061	0.051	0.050	0.052	0.055	0.055	0.056	0.059	0.054	0.057	0.054	0.054	0.054	0.051
0:29:29	37.0	0.051	0.419	0.193	0.133	0.094	0.076	0.075	0.077	0.078	0.076	0.079	0.050	0.052	0.076	0.083	0.077	0.080	0.091	0.079	0.102	0.148	0.230	0.430	0.049	0.051	0.076	0.080	0.082	0.082	0.082	0.083	0.082	0.085	0.079	0.078	0.050	0.051	0.071	0.075	0.082	0.075	0.085	0.080	0.078	0.078	0.077	0.077	0.050	0.050	0.060	0.060	0.059	0.061	0.060	0.057	0.057	0.059	0.059	0.060	0.052	0.050	0.058	0.059	0.059	0.059	0.062	0.061	0.057	0.057	0.059	0.057	0.052	0.049	0.057	0.057	0.060	0.061	0.061	0.061	0.061	0.061	0.059	0.062	0.051	0.050	0.052	0.055	0.055	0.056	0.059	0.054	0.058	0.054	0.054	0.054	0.051
0:39:29	37.0	0.051	0.419	0.192	0.130	0.091	0.076	0.075	0.076	0.078	0.076	0.080	0.050	0.052	0.076	0.082	0.077	0.080	0.091	0.078	0.099	0.146	0.229	0.430	0.049	0.051	0.075	0.080	0.081	0.082	0.082	0.083	0.082	0.085	0.079	0.078	0.049	0.051	0.070	0.074	0.081	0.075	0.084	0.079	0.077	0.078	0.076	0.077	0.050	0.050	0.061	0.061	0.060	0.062	0.061	0.058	0.058	0.059	0.060	0.061	0.052	0.050	0.059	0.059	0.059	0.059	0.063	0.062	0.058	0.057	0.060	0.057	0.052	0.049	0.057	0.058	0.061	0.062	0.061	0.062	0.063	0.062	0.060	0.063	0.051	0.050	0.052	0.055	0.055	0.057	0.060	0.055	0.058	0.055	0.054	0.055	0.051
0:49:29	37.0	0.051	0.422	0.193	0.129	0.090	0.077	0.075	0.076	0.078	0.076	0.080	0.050	0.052	0.076	0.083	0.077	0.081	0.092	0.079	0.098	0.144	0.229	0.432	0.049	0.051	0.075	0.080	0.082	0.083	0.083	0.083	0.083	0.086	0.080	0.079	0.050	0.051	0.070	0.074	0.081	0.075	0.084	0.080	0.078	0.079	0.077	0.077	0.050	0.050	0.062	0.062	0.061	0.064	0.063	0.059	0.059	0.061	0.062	0.063	0.052	0.050	0.059	0.060	0.060	0.060	0.065	0.063	0.059	0.058	0.061	0.059	0.052	0.049	0.058	0.059	0.062	0.064	0.063	0.064	0.064	0.063	0.062	0.064	0.051	0.050	0.053	0.056	0.056	0.057	0.061	0.055	0.059	0.055	0.055	0.055	0.051
0:59:29	37.0	0.051	0.424	0.193	0.130	0.090	0.079	0.075	0.077	0.079	0.076	0.081	0.050	0.052	0.076	0.084	0.078	0.082	0.094	0.080	0.098	0.145	0.231	0.434	0.049	0.051	0.076	0.081	0.083	0.084	0.084	0.084	0.084	0.087	0.082	0.079	0.050	0.051	0.070	0.075	0.082	0.075	0.084	0.080	0.079	0.080	0.077	0.078	0.050	0.050	0.064	0.064	0.063	0.066	0.065	0.060	0.060	0.062	0.064	0.065	0.052	0.050	0.060	0.061	0.062	0.062	0.066	0.065	0.060	0.060	0.063	0.060	0.052	0.049	0.059	0.060	0.063	0.065	0.064	0.065	0.065	0.064	0.063	0.065	0.051	0.050	0.053	0.057	0.057	0.058	0.062	0.056	0.060	0.056	0.055	0.056	0.051
1:09:29	37.0	0.051	0.428	0.194	0.131	0.091	0.081	0.077	0.078	0.080	0.077	0.083	0.050	0.052	0.077	0.086	0.080	0.083	0.096	0.082	0.100	0.146	0.233	0.437	0.049	0.051	0.077	0.083	0.084	0.086	0.086	0.086	0.086	0.089	0.083	0.081	0.050	0.051	0.070	0.076	0.082	0.076	0.085	0.082	0.080	0.082	0.079	0.079	0.050	0.050	0.065	0.066	0.065	0.068	0.067	0.062	0.062	0.064	0.066	0.067	0.051	0.050	0.061	0.063	0.063	0.063	0.068	0.067	0.061	0.061	0.065	0.062	0.052	0.049	0.060	0.061	0.065	0.067	0.065	0.067	0.067	0.066	0.065	0.067	0.051	0.050	0.054	0.058	0.058	0.059	0.063	0.057	0.061	0.056	0.056	0.056	0.051
1:19:29	37.0	0.051	0.431	0.197	0.133	0.094	0.085	0.079	0.080	0.082	0.080	0.085	0.050	0.052	0.079	0.089	0.082	0.086	0.100	0.084	0.104	0.148	0.236	0.440	0.049	0.051	0.079	0.086	0.087	0.089	0.089	0.089	0.089	0.092	0.086	0.083	0.049	0.051	0.072	0.079	0.084	0.078	0.086	0.083	0.082	0.085	0.081	0.082	0.050	0.050	0.068	0.068	0.067	0.071	0.070	0.064	0.064	0.065	0.069	0.069	0.052	0.050	0.062	0.064	0.065	0.065	0.071	0.070	0.063	0.063	0.067	0.064	0.052	0.049	0.061	0.062	0.066	0.069	0.067	0.069	0.069	0.068	0.066	0.068	0.051	0.050	0.055	0.058	0.059	0.059	0.064	0.057	0.062	0.057	0.057	0.057	0.051
1:29:29	37.0	0.051	0.434	0.200	0.136	0.097	0.089	0.081	0.083	0.085	0.083	0.089	0.050	0.052	0.081	0.093	0.086	0.089	0.105	0.088	0.108	0.152	0.240	0.444	0.049	0.051	0.082	0.090	0.091	0.093	0.093	0.093	0.092	0.096	0.090	0.085	0.049	0.051	0.073	0.081	0.086	0.080	0.088	0.086	0.085	0.088	0.083	0.084	0.050	0.050	0.070	0.070	0.069	0.074	0.073	0.067	0.066	0.067	0.072	0.072	0.052	0.050	0.062	0.066	0.066	0.067	0.074	0.072	0.065	0.065	0.070	0.067	0.052	0.049	0.062	0.064	0.068	0.071	0.068	0.071	0.071	0.070	0.068	0.070	0.051	0.050	0.056	0.060	0.060	0.061	0.065	0.059	0.063	0.058	0.057	0.057	0.051
1:39:29	37.0	0.051	0.438	0.204	0.140	0.103	0.095	0.085	0.086	0.089	0.086	0.093	0.050	0.052	0.084	0.098	0.090	0.094	0.110	0.092	0.114	0.157	0.245	0.450	0.049	0.051	0.086	0.095	0.096	0.098	0.098	0.097	0.097	0.101	0.094	0.089	0.050	0.051	0.075	0.085	0.089	0.083	0.090	0.089	0.089	0.092	0.087	0.088	0.050	0.050	0.073	0.073	0.072	0.078	0.077	0.070	0.069	0.070	0.075	0.075	0.052	0.050	0.064	0.068	0.068	0.070	0.077	0.075	0.068	0.067	0.072	0.070	0.052	0.049	0.064	0.066	0.070	0.074	0.070	0.073	0.073	0.072	0.070	0.072	0.051	0.050	0.057	0.061	0.062	0.062	0.067	0.060	0.065	0.059	0.058	0.058	0.051
1:49:29	37.0	0.051	0.445	0.207	0.144	0.108	0.101	0.089	0.091	0.094	0.091	0.097	0.050	0.052	0.087	0.104	0.095	0.099	0.117	0.097	0.120	0.161	0.249	0.455	0.049	0.051	0.090	0.100	0.101	0.103	0.103	0.102	0.102	0.106	0.099	0.092	0.050	0.051	0.078	0.089	0.092	0.087	0.093	0.094	0.093	0.097	0.091	0.092	0.050	0.050	0.076	0.076	0.075	0.082	0.081	0.073	0.072	0.072	0.079	0.078	0.051	0.050	0.065	0.070	0.070	0.073	0.080	0.079	0.070	0.070	0.075	0.072	0.052	0.049	0.065	0.068	0.072	0.076	0.072	0.076	0.076	0.075	0.073	0.074	0.051	0.050	0.058	0.062	0.063	0.063	0.068	0.061	0.066	0.060	0.059	0.059	0.051
1:59:29	37.0	0.051	0.450	0.212	0.148	0.115	0.108	0.094	0.096	0.100	0.097	0.103	0.050	0.052	0.091	0.110	0.101	0.104	0.124	0.102	0.127	0.166	0.254	0.459	0.049	0.051	0.095	0.107	0.107	0.109	0.109	0.108	0.108	0.112	0.105	0.097	0.050	0.051	0.081	0.095	0.097	0.091	0.097	0.099	0.098	0.103	0.096	0.097	0.050	0.050	0.079	0.079	0.078	0.086	0.085	0.076	0.076	0.075	0.083	0.082	0.052	0.050	0.066	0.072	0.073	0.076	0.084	0.083	0.073	0.072	0.078	0.075	0.052	0.049	0.067	0.070	0.075	0.080	0.075	0.079	0.080	0.079	0.075	0.077	0.051	0.050	0.059	0.064	0.065	0.065	0.070	0.062	0.068	0.061	0.059	0.060	0.051
2:09:29	37.0	0.051	0.455	0.217	0.154	0.123	0.117	0.099	0.103	0.106	0.104	0.109	0.051	0.052	0.096	0.117	0.107	0.110	0.131	0.108	0.134	0.171	0.259	0.465	0.049	0.051	0.100	0.113	0.114	0.116	0.116	0.114	0.114	0.118	0.110	0.101	0.050	0.051	0.085	0.101	0.102	0.096	0.101	0.104	0.104	0.109	0.102	0.103	0.050	0.050	0.083	0.083	0.082	0.091	0.090	0.080	0.081	0.078	0.087	0.086	0.052	0.050	0.068	0.075	0.076	0.080	0.088	0.087	0.076	0.075	0.081	0.079	0.052	0.049	0.070	0.073	0.078	0.083	0.078	0.082	0.084	0.083	0.079	0.080	0.051	0.050	0.061	0.065	0.067	0.066	0.072	0.064	0.070	0.062	0.060	0.061	0.051
2:19:29	37.0	0.051	0.461	0.223	0.159	0.131	0.126	0.106	0.110	0.113	0.111	0.115	0.051	0.052	0.101	0.124	0.113	0.116	0.139	0.114	0.142	0.176	0.265	0.470	0.049	0.051	0.106	0.121	0.121	0.123	0.123	0.121	0.121	0.125	0.116	0.106	0.050	0.051	0.089	0.107	0.107	0.101	0.105	0.110	0.110	0.116	0.107	0.109	0.050	0.050	0.087	0.087	0.086	0.096	0.095	0.084	0.085	0.082	0.092	0.091	0.051	0.050	0.069	0.078	0.079	0.083	0.093	0.092	0.080	0.079	0.084	0.082	0.052	0.049	0.072	0.076	0.081	0.087	0.081	0.086	0.088	0.087	0.082	0.083	0.051	0.050	0.062	0.067	0.069	0.068	0.074	0.066	0.072	0.064	0.061	0.062	0.059
2:29:29	37.0	0.051	0.467	0.227	0.165	0.139	0.136	0.114	0.118	0.122	0.120	0.122	0.051	0.052	0.108	0.132	0.120	0.123	0.147	0.120	0.151	0.183	0.271	0.477	0.049	0.051	0.113	0.129	0.128	0.130	0.130	0.128	0.128	0.132	0.123	0.112	0.049	0.051	0.094	0.115	0.114	0.107	0.110	0.116	0.116	0.123	0.114	0.115	0.050	0.050	0.091	0.091	0.090	0.101	0.100	0.089	0.090	0.085	0.097	0.096	0.051	0.050	0.071	0.082	0.082	0.088	0.097	0.097	0.084	0.082	0.088	0.085	0.052	0.049	0.075	0.080	0.085	0.092	0.084	0.090	0.092	0.092	0.086	0.087	0.051	0.050	0.064	0.069	0.071	0.070	0.077	0.067	0.074	0.065	0.062	0.063	0.059
2:39:29	37.0	0.051	0.476	0.233	0.171	0.149	0.146	0.123	0.127	0.131	0.129	0.129	0.051	0.052	0.114	0.141	0.127	0.130	0.157	0.127	0.161	0.189	0.278	0.484	0.049	0.051	0.120	0.138	0.136	0.139	0.138	0.135	0.136	0.140	0.129	0.118	0.050	0.051	0.100	0.123	0.121	0.114	0.116	0.123	0.123	0.130	0.121	0.122	0.050	0.050	0.096	0.095	0.094	0.106	0.106	0.094	0.095	0.089	0.102	0.102	0.051	0.050	0.073	0.086	0.086	0.092	0.102	0.103	0.088	0.086	0.091	0.089	0.052	0.049	0.078	0.084	0.089	0.097	0.089	0.094	0.098	0.097	0.091	0.092	0.051	0.050	0.066	0.072	0.074	0.073	0.080	0.070	0.076	0.067	0.064	0.065	0.059
2:49:29	37.0	0.051	0.483	0.239	0.178	0.160	0.159	0.132	0.137	0.141	0.140	0.137	0.051	0.052	0.122	0.150	0.135	0.138	0.167	0.135	0.172	0.197	0.286	0.492	0.049	0.051	0.128	0.148	0.145	0.149	0.147	0.143	0.144	0.148	0.136	0.124	0.050	0.051	0.107	0.132	0.128	0.121	0.122	0.130	0.130	0.138	0.128	0.130	0.050	0.050	0.100	0.100	0.099	0.112	0.112	0.099	0.100	0.094	0.108	0.108	0.052	0.050	0.075	0.090	0.090	0.097	0.107	0.108	0.092	0.090	0.095	0.093	0.052	0.049	0.082	0.089	0.094	0.103	0.093	0.100	0.104	0.103	0.096	0.097	0.051	0.050	0.069	0.075	0.077	0.075	0.083	0.072	0.080	0.069	0.065	0.067	0.059
2:59:29	37.0	0.051	0.491	0.245	0.186	0.172	0.172	0.143	0.148	0.153	0.152	0.146	0.051	0.052	0.130	0.161	0.145	0.147	0.178	0.142	0.184	0.204	0.294	0.501	0.049	0.051	0.137	0.159	0.155	0.159	0.156	0.152	0.153	0.157	0.143	0.131	0.050	0.051	0.115	0.142	0.137	0.128	0.129	0.138	0.138	0.147	0.136	0.137	0.050	0.050	0.104	0.105	0.104	0.117	0.117	0.104	0.106	0.098	0.114	0.114	0.052	0.050	0.078	0.094	0.095	0.103	0.113	0.114	0.097	0.095	0.099	0.096	0.052	0.049	0.086	0.094	0.099	0.109	0.098	0.105	0.110	0.110	0.101	0.103	0.051	0.050	0.071	0.078	0.081	0.079	0.087	0.075	0.083	0.071	0.067	0.069	0.059
3:09:29	37.0	0.051	0.501	0.252	0.193	0.186	0.186	0.155	0.161	0.166	0.166	0.156	0.051	0.052	0.139	0.173	0.154	0.157	0.191	0.152	0.198	0.213	0.304	0.511	0.049	0.051	0.147	0.172	0.166	0.170	0.166	0.161	0.163	0.165	0.151	0.138	0.050	0.051	0.123	0.154	0.146	0.137	0.136	0.146	0.147	0.157	0.146	0.145	0.050	0.050	0.108	0.110	0.109	0.123	0.123	0.110	0.112	0.103	0.120	0.121	0.051	0.050	0.082	0.100	0.100	0.109	0.119	0.121	0.102	0.100	0.103	0.100	0.052	0.049	0.091	0.099	0.106	0.116	0.104	0.112	0.117	0.117	0.108	0.109	0.051	0.050	0.075	0.082	0.085	0.083	0.091	0.079	0.087	0.074	0.069	0.071	0.059
3:19:29	37.0	0.051	0.513	0.259	0.202	0.201	0.203	0.170	0.176	0.181	0.184	0.167	0.051	0.052	0.148	0.185	0.164	0.169	0.205	0.162	0.213	0.223	0.314	0.521	0.049	0.051	0.158	0.185	0.178	0.182	0.177	0.170	0.173	0.175	0.159	0.145	0.050	0.051	0.132	0.166	0.157	0.145	0.144	0.156	0.156	0.168	0.156	0.155	0.050	0.050	0.113	0.115	0.115	0.130	0.130	0.117	0.119	0.110	0.127	0.129	0.052	0.050	0.086	0.106	0.106	0.116	0.126	0.128	0.109	0.106	0.108	0.104	0.052	0.049	0.097	0.107	0.113	0.124	0.111	0.119	0.125	0.125	0.115	0.116	0.051	0.050	0.079	0.087	0.091	0.087	0.097	0.083	0.092	0.077	0.071	0.074	0.059
3:29:29	37.0	0.051	0.525	0.268	0.211	0.219	0.221	0.186	0.193	0.198	0.201	0.179	0.051	0.052	0.159	0.198	0.175	0.181	0.220	0.173	0.229	0.233	0.325	0.533	0.049	0.051	0.171	0.200	0.191	0.196	0.188	0.180	0.185	0.185	0.168	0.154	0.050	0.051	0.143	0.180	0.167	0.155	0.153	0.165	0.167	0.179	0.168	0.165	0.050	0.050	0.117	0.121	0.121	0.136	0.137	0.124	0.126	0.116	0.133	0.137	0.052	0.050	0.090	0.112	0.113	0.123	0.132	0.135	0.115	0.112	0.113	0.109	0.052	0.049	0.103	0.114	0.120	0.132	0.119	0.127	0.133	0.134	0.123	0.124	0.051	0.050	0.084	0.092	0.097	0.093	0.103	0.088	0.098	0.081	0.074	0.078	0.059
3:39:29	37.0	0.051	0.540	0.277	0.221	0.239	0.240	0.204	0.211	0.216	0.219	0.192	0.051	0.052	0.169	0.212	0.187	0.195	0.235	0.185	0.246	0.245	0.337	0.548	0.049	0.051	0.184	0.215	0.204	0.209	0.200	0.190	0.197	0.196	0.176	0.162	0.049	0.051	0.155	0.195	0.179	0.164	0.162	0.175	0.178	0.190	0.179	0.175	0.050	0.050	0.121	0.127	0.127	0.142	0.143	0.131	0.132	0.122	0.139	0.145	0.052	0.050	0.095	0.119	0.120	0.129	0.139	0.141	0.121	0.118	0.119	0.113	0.052	0.049	0.110	0.121	0.128	0.140	0.126	0.135	0.141	0.142	0.131	0.131	0.051	0.050	0.090	0.099	0.104	0.098	0.109	0.094	0.103	0.085	0.076	0.083	0.059
3:49:29	37.0	0.051	0.557	0.289	0.232	0.259	0.257	0.222	0.229	0.234	0.238	0.204	0.052	0.052	0.181	0.227	0.201	0.210	0.251	0.199	0.263	0.259	0.352	0.564	0.049	0.051	0.200	0.232	0.218	0.224	0.214	0.202	0.210	0.208	0.186	0.172	0.050	0.051	0.169	0.210	0.192	0.174	0.173	0.187	0.191	0.203	0.192	0.187	0.050	0.050	0.124	0.133	0.132	0.148	0.149	0.137	0.138	0.128	0.145	0.152	0.052	0.050	0.100	0.126	0.126	0.136	0.145	0.148	0.128	0.125	0.124	0.116	0.052	0.049	0.116	0.129	0.136	0.149	0.134	0.144	0.149	0.151	0.138	0.139	0.051	0.050	0.097	0.106	0.112	0.105	0.117	0.100	0.110	0.089	0.080	0.088	0.059
3:59:29	37.0	0.051	0.576	0.302	0.245	0.280	0.273	0.242	0.249	0.251	0.257	0.219	0.052	0.052	0.195	0.243	0.216	0.227	0.269	0.214	0.280	0.272	0.366	0.583	0.049	0.051	0.216	0.250	0.233	0.241	0.229	0.215	0.226	0.222	0.198	0.184	0.050	0.051	0.183	0.227	0.206	0.186	0.185	0.199	0.205	0.217	0.207	0.200	0.050	0.050	0.127	0.138	0.138	0.154	0.156	0.143	0.144	0.134	0.151	0.160	0.052	0.050	0.106	0.133	0.133	0.142	0.151	0.154	0.134	0.132	0.129	0.120	0.052	0.049	0.123	0.136	0.144	0.157	0.142	0.152	0.158	0.160	0.147	0.148	0.051	0.050	0.105	0.114	0.121	0.113	0.125	0.107	0.117	0.095	0.085	0.095	0.059
4:09:29	37.0	0.051	0.595	0.316	0.258	0.301	0.289	0.264	0.269	0.268	0.273	0.235	0.052	0.052	0.210	0.262	0.234	0.245	0.287	0.230	0.298	0.288	0.382	0.603	0.049	0.051	0.234	0.268	0.250	0.260	0.245	0.231	0.243	0.237	0.211	0.198	0.050	0.051	0.200	0.245	0.221	0.200	0.199	0.214	0.220	0.233	0.223	0.214	0.050	0.050	0.130	0.143	0.144	0.160	0.162	0.149	0.150	0.140	0.158	0.168	0.052	0.050	0.112	0.140	0.140	0.148	0.157	0.160	0.140	0.139	0.134	0.124	0.052	0.049	0.131	0.144	0.152	0.167	0.151	0.161	0.166	0.170	0.156	0.157	0.051	0.050	0.114	0.124	0.131	0.122	0.134	0.116	0.125	0.101	0.090	0.102	0.059
4:19:29	37.0	0.051	0.615	0.332	0.272	0.321	0.309	0.286	0.290	0.286	0.293	0.257	0.052	0.052	0.226	0.281	0.254	0.264	0.306	0.248	0.317	0.303	0.399	0.628	0.049	0.051	0.252	0.287	0.267	0.280	0.263	0.247	0.261	0.254	0.225	0.214	0.050	0.051	0.217	0.262	0.238	0.214	0.213	0.230	0.236	0.250	0.240	0.229	0.050	0.050	0.133	0.149	0.150	0.166	0.168	0.155	0.156	0.146	0.164	0.176	0.052	0.050	0.118	0.146	0.146	0.155	0.163	0.166	0.147	0.145	0.140	0.128	0.052	0.049	0.138	0.152	0.161	0.175	0.159	0.171	0.175	0.180	0.165	0.166	0.051	0.050	0.124	0.134	0.142	0.132	0.144	0.125	0.134	0.109	0.097	0.110	0.059
4:29:29	36.9	0.051	0.641	0.348	0.287	0.342	0.328	0.308	0.311	0.306	0.311	0.283	0.052	0.052	0.242	0.300	0.275	0.284	0.325	0.267	0.337	0.320	0.416	0.650	0.049	0.051	0.271	0.305	0.284	0.299	0.281	0.263	0.280	0.271	0.239	0.229	0.049	0.051	0.236	0.278	0.256	0.231	0.230	0.246	0.254	0.268	0.258	0.244	0.050	0.050	0.135	0.154	0.155	0.171	0.173	0.160	0.162	0.151	0.170	0.185	0.051	0.050	0.125	0.152	0.152	0.161	0.170	0.172	0.153	0.152	0.144	0.131	0.052	0.049	0.144	0.160	0.170	0.185	0.168	0.181	0.184	0.190	0.175	0.176	0.051	0.050	0.135	0.145	0.155	0.143	0.156	0.135	0.143	0.117	0.104	0.119	0.059
4:39:29	37.0	0.051	0.666	0.367	0.303	0.364	0.350	0.332	0.335	0.331	0.333	0.307	0.052	0.052	0.259	0.320	0.297	0.304	0.345	0.288	0.356	0.337	0.434	0.671	0.049	0.051	0.291	0.324	0.302	0.321	0.301	0.281	0.301	0.289	0.256	0.249	0.050	0.051	0.255	0.296	0.276	0.250	0.247	0.265	0.273	0.288	0.277	0.262	0.050	0.050	0.138	0.160	0.161	0.177	0.179	0.166	0.168	0.157	0.176	0.195	0.052	0.050	0.133	0.159	0.158	0.167	0.176	0.178	0.159	0.158	0.150	0.135	0.052	0.049	0.152	0.169	0.180	0.195	0.178	0.192	0.194	0.201	0.185	0.186	0.051	0.050	0.147	0.157	0.168	0.156	0.168	0.146	0.154	0.126	0.112	0.129	0.059
4:49:29	37.0	0.051	0.691	0.386	0.320	0.385	0.376	0.355	0.358	0.356	0.366	0.347	0.052	0.052	0.277	0.340	0.319	0.325	0.365	0.309	0.374	0.354	0.452	0.690	0.049	0.051	0.312	0.342	0.321	0.341	0.322	0.301	0.323	0.310	0.273	0.269	0.049	0.051	0.275	0.315	0.298	0.270	0.265	0.285	0.294	0.308	0.297	0.280	0.050	0.050	0.141	0.164	0.166	0.183	0.185	0.172	0.174	0.163	0.183	0.204	0.051	0.050	0.141	0.166	0.164	0.173	0.181	0.183	0.165	0.164	0.155	0.138	0.052	0.049	0.159	0.177	0.189	0.205	0.187	0.203	0.203	0.212	0.196	0.197	0.051	0.050	0.160	0.171	0.183	0.169	0.181	0.158	0.166	0.136	0.120	0.139	0.059
4:59:29	37.0	0.051	0.717	0.407	0.339	0.406	0.398	0.380	0.383	0.393	0.391	0.382	0.053	0.052	0.295	0.358	0.340	0.347	0.385	0.331	0.395	0.371	0.471	0.711	0.049	0.051	0.333	0.361	0.341	0.365	0.342	0.320	0.343	0.329	0.291	0.291	0.050	0.051	0.296	0.334	0.322	0.291	0.285	0.305	0.314	0.327	0.317	0.297	0.050	0.050	0.144	0.169	0.171	0.188	0.191	0.178	0.179	0.168	0.189	0.214	0.052	0.050	0.151	0.174	0.170	0.180	0.188	0.189	0.171	0.171	0.160	0.142	0.052	0.049	0.167	0.188	0.200	0.216	0.198	0.214	0.215	0.225	0.209	0.209	0.051	0.050	0.174	0.185	0.198	0.183	0.195	0.172	0.179	0.148	0.131	0.151	0.059
5:09:29	37.0	0.051	0.743	0.428	0.356	0.427	0.430	0.405	0.405	0.437	0.414	0.414	0.052	0.052	0.314	0.380	0.362	0.369	0.405	0.351	0.414	0.389	0.489	0.730	0.049	0.051	0.353	0.381	0.359	0.388	0.362	0.339	0.365	0.350	0.309	0.313	0.049	0.051	0.316	0.353	0.344	0.311	0.305	0.325	0.336	0.346	0.337	0.314	0.050	0.050	0.147	0.174	0.177	0.194	0.196	0.183	0.185	0.174	0.196	0.225	0.052	0.050	0.161	0.181	0.177	0.187	0.194	0.194	0.177	0.178	0.164	0.144	0.052	0.049	0.175	0.197	0.211	0.227	0.209	0.227	0.227	0.238	0.222	0.222	0.051	0.050	0.188	0.201	0.215	0.200	0.211	0.186	0.193	0.160	0.141	0.163	0.059
5:19:29	37.0	0.051	0.765	0.450	0.377	0.450	0.453	0.430	0.445	0.459	0.441	0.433	0.053	0.052	0.334	0.400	0.384	0.391	0.427	0.374	0.436	0.407	0.507	0.750	0.049	0.051	0.374	0.403	0.381	0.409	0.383	0.360	0.387	0.371	0.329	0.338	0.050	0.051	0.336	0.372	0.366	0.331	0.327	0.347	0.358	0.367	0.357	0.334	0.050	0.050	0.150	0.179	0.182	0.199	0.202	0.189	0.191	0.180	0.202	0.235	0.052	0.050	0.172	0.189	0.184	0.193	0.200	0.200	0.183	0.184	0.169	0.147	0.052	0.049	0.183	0.207	0.223	0.240	0.221	0.240	0.239	0.253	0.236	0.236	0.051	0.050	0.203	0.218	0.233	0.217	0.228	0.201	0.208	0.172	0.153	0.176	0.059
5:29:29	37.0	0.051	0.783	0.473	0.396	0.470	0.477	0.457	0.472	0.495	0.469	0.468	0.052	0.052	0.354	0.421	0.405	0.412	0.446	0.396	0.456	0.425	0.525	0.766	0.049	0.051	0.395	0.418	0.398	0.430	0.403	0.379	0.408	0.392	0.349	0.361	0.050	0.051	0.355	0.391	0.387	0.351	0.349	0.369	0.380	0.387	0.378	0.354	0.050	0.050	0.153	0.184	0.187	0.204	0.207	0.195	0.196	0.185	0.208	0.247	0.052	0.050	0.184	0.196	0.190	0.199	0.206	0.205	0.189	0.190	0.173	0.150	0.052	0.049	0.192	0.217	0.235	0.251	0.233	0.254	0.253	0.267	0.250	0.251	0.051	0.050	0.220	0.236	0.252	0.234	0.246	0.217	0.225	0.185	0.165	0.189	0.059
5:39:29	37.0	0.051	0.804	0.496	0.415	0.495	0.502	0.484	0.505	0.515	0.496	0.490	0.052	0.052	0.377	0.440	0.425	0.434	0.465	0.416	0.475	0.443	0.540	0.782	0.049	0.051	0.414	0.435	0.418	0.449	0.422	0.398	0.428	0.413	0.369	0.386	0.050	0.051	0.374	0.410	0.408	0.370	0.369	0.389	0.401	0.407	0.398	0.373	0.050	0.050	0.156	0.189	0.193	0.211	0.213	0.200	0.202	0.192	0.214	0.258	0.051	0.050	0.197	0.204	0.198	0.206	0.213	0.212	0.196	0.197	0.178	0.153	0.052	0.049	0.201	0.229	0.249	0.265	0.248	0.270	0.267	0.283	0.266	0.266	0.051	0.050	0.236	0.253	0.270	0.253	0.264	0.233	0.242	0.199	0.177	0.203	0.059
5:49:29	37.0	0.051	0.824	0.519	0.436	0.517	0.525	0.511	0.521	0.541	0.530	0.512	0.052	0.052	0.399	0.459	0.444	0.454	0.484	0.436	0.489	0.461	0.551	0.791	0.049	0.051	0.433	0.451	0.438	0.469	0.440	0.417	0.447	0.434	0.388	0.409	0.050	0.051	0.393	0.427	0.427	0.389	0.391	0.408	0.421	0.425	0.418	0.392	0.050	0.050	0.160	0.194	0.198	0.216	0.218	0.205	0.208	0.197	0.220	0.268	0.052	0.050	0.211	0.212	0.205	0.213	0.219	0.217	0.202	0.203	0.181	0.155	0.052	0.049	0.210	0.241	0.263	0.280	0.262	0.286	0.283	0.299	0.281	0.281	0.051	0.050	0.255	0.272	0.288	0.272	0.281	0.249	0.260	0.215	0.190	0.218	0.059
5:59:29	37.0	0.051	0.841	0.537	0.456	0.522	0.548	0.522	0.533	0.559	0.567	0.543	0.052	0.052	0.418	0.474	0.462	0.472	0.502	0.456	0.501	0.478	0.564	0.805	0.049	0.051	0.448	0.461	0.454	0.485	0.459	0.436	0.467	0.455	0.409	0.432	0.050	0.051	0.411	0.444	0.446	0.407	0.411	0.428	0.442	0.446	0.437	0.412	0.050	0.050	0.163	0.199	0.203	0.222	0.224	0.210	0.213	0.203	0.225	0.278	0.052	0.050	0.225	0.221	0.212	0.220	0.224	0.222	0.208	0.209	0.186	0.157	0.052	0.049	0.219	0.252	0.276	0.293	0.277	0.300	0.298	0.315	0.297	0.298	0.051	0.050	0.277	0.291	0.306	0.288	0.302	0.270	0.281	0.233	0.207	0.234	0.059
6:09:29	37.0	0.051	0.856	0.558	0.476	0.545	0.566	0.561	0.556	0.584	0.587	0.556	0.052	0.052	0.437	0.488	0.480	0.490	0.514	0.472	0.510	0.490	0.581	0.814	0.049	0.051	0.456	0.474	0.474	0.494	0.474	0.453	0.480	0.471	0.426	0.452	0.050	0.051	0.428	0.459	0.464	0.424	0.431	0.448	0.459	0.460	0.451	0.426	0.050	0.050	0.166	0.204	0.209	0.227	0.230	0.215	0.218	0.210	0.230	0.287	0.052	0.050	0.241	0.230	0.221	0.227	0.231	0.227	0.214	0.216	0.190	0.160	0.052	0.049	0.229	0.264	0.291	0.308	0.293	0.317	0.314	0.333	0.315	0.316	0.051	0.050	0.298	0.312	0.325	0.304	0.323	0.291	0.303	0.252	0.226	0.251	0.059
6:19:29	37.0	0.051	0.871	0.581	0.492	0.577	0.587	0.568	0.577	0.604	0.621	0.581	0.052	0.052	0.454	0.498	0.490	0.499	0.519	0.485	0.519	0.503	0.600	0.821	0.049	0.051	0.464	0.478	0.482	0.501	0.484	0.468	0.491	0.485	0.444	0.470	0.050	0.051	0.443	0.471	0.478	0.437	0.449	0.464	0.473	0.472	0.461	0.438	0.050	0.050	0.169	0.209	0.214	0.233	0.236	0.220	0.223	0.216	0.233	0.297	0.051	0.050	0.256	0.241	0.230	0.234	0.237	0.232	0.220	0.222	0.194	0.162	0.052	0.049	0.239	0.275	0.304	0.323	0.308	0.332	0.329	0.350	0.332	0.333	0.051	0.050	0.322	0.332	0.339	0.318	0.344	0.312	0.325	0.272	0.245	0.268	0.059
6:29:29	37.0	0.051	0.882	0.603	0.511	0.614	0.611	0.598	0.603	0.635	0.668	0.613	0.052	0.052	0.469	0.502	0.490	0.502	0.527	0.494	0.533	0.519	0.620	0.828	0.049	0.051	0.475	0.476	0.489	0.511	0.489	0.479	0.503	0.499	0.460	0.485	0.050	0.051	0.456	0.477	0.482	0.448	0.462	0.476	0.482	0.483	0.470	0.451	0.050	0.050	0.173	0.213	0.219	0.239	0.241	0.226	0.227	0.223	0.237	0.306	0.052	0.050	0.273	0.253	0.240	0.242	0.242	0.238	0.225	0.227	0.198	0.164	0.052	0.049	0.249	0.287	0.318	0.338	0.324	0.347	0.344	0.367	0.352	0.352	0.051	0.050	0.346	0.351	0.353	0.332	0.364	0.335	0.348	0.294	0.267	0.285	0.059
6:39:29	37.0	0.051	0.896	0.624	0.533	0.644	0.641	0.632	0.640	0.673	0.710	0.649	0.052	0.052	0.476	0.504	0.492	0.512	0.540	0.505	0.550	0.538	0.639	0.837	0.049	0.051	0.488	0.485	0.492	0.526	0.500	0.490	0.519	0.513	0.476	0.501	0.050	0.051	0.468	0.481	0.482	0.456	0.470	0.487	0.491	0.499	0.484	0.471	0.050	0.050	0.176	0.219	0.225	0.245	0.248	0.231	0.231	0.229	0.243	0.317	0.052	0.050	0.290	0.265	0.250	0.250	0.249	0.243	0.232	0.234	0.202	0.166	0.052	0.049	0.259	0.300	0.333	0.353	0.342	0.363	0.360	0.384	0.370	0.371	0.051	0.050	0.369	0.367	0.367	0.345	0.383	0.355	0.368	0.315	0.287	0.302	0.059
6:49:29	37.0	0.051	0.894	0.642	0.553	0.669	0.676	0.670	0.681	0.715	0.756	0.686	0.052	0.052	0.477	0.518	0.509	0.534	0.562	0.519	0.570	0.557	0.655	0.842	0.049	0.051	0.509	0.505	0.511	0.546	0.521	0.504	0.539	0.529	0.493	0.519	0.050	0.051	0.478	0.487	0.490	0.461	0.478	0.502	0.506	0.518	0.504	0.493	0.050	0.050	0.179	0.224	0.231	0.251	0.254	0.237	0.235	0.235	0.247	0.327	0.052	0.050	0.307	0.279	0.260	0.256	0.254	0.247	0.237	0.239	0.205	0.168	0.052	0.049	0.269	0.312	0.346	0.368	0.357	0.377	0.375	0.401	0.387	0.390	0.051	0.050	0.392	0.383	0.379	0.357	0.401	0.376	0.389	0.339	0.310	0.318	0.059
6:59:29	37.0	0.051	0.895	0.657	0.569	0.696	0.713	0.705	0.715	0.750	0.793	0.729	0.052	0.052	0.490	0.538	0.536	0.558	0.587	0.539	0.590	0.573	0.672	0.852	0.049	0.051	0.533	0.527	0.541	0.567	0.544	0.524	0.567	0.551	0.512	0.545	0.050	0.051	0.489	0.502	0.506	0.469	0.489	0.521	0.530	0.540	0.526	0.518	0.050	0.050	0.183	0.228	0.236	0.257	0.260	0.243	0.240	0.242	0.252	0.337	0.051	0.050	0.327	0.292	0.269	0.263	0.261	0.252	0.242	0.245	0.209	0.171	0.052	0.049	0.280	0.325	0.361	0.382	0.372	0.391	0.389	0.415	0.402	0.408	0.051	0.050	0.414	0.397	0.389	0.370	0.416	0.397	0.407	0.363	0.334	0.332	0.059
7:09:29	37.0	0.051	0.891	0.663	0.586	0.727	0.746	0.740	0.754	0.783	0.817	0.765	0.052	0.052	0.512	0.565	0.560	0.578	0.612	0.561	0.610	0.587	0.684	0.854	0.049	0.051	0.558	0.552	0.576	0.593	0.568	0.546	0.595	0.576	0.536	0.573	0.050	0.051	0.505	0.523	0.525	0.482	0.505	0.541	0.554	0.564	0.548	0.539	0.050	0.050	0.187	0.234	0.242	0.263	0.266	0.248	0.244	0.248	0.257	0.345	0.052	0.050	0.346	0.306	0.279	0.269	0.265	0.256	0.247	0.250	0.212	0.172	0.052	0.049	0.290	0.335	0.372	0.394	0.384	0.403	0.401	0.427	0.415	0.425	0.051	0.050	0.434	0.409	0.398	0.381	0.429	0.417	0.422	0.387	0.359	0.343	0.059
7:19:29	37.0	0.051	0.888	0.664	0.602	0.749	0.777	0.772	0.786	0.805	0.835	0.793	0.052	0.052	0.539	0.600	0.585	0.599	0.635	0.587	0.632	0.601	0.699	0.857	0.049	0.051	0.581	0.581	0.611	0.620	0.592	0.570	0.624	0.604	0.565	0.604	0.050	0.051	0.526	0.547	0.547	0.499	0.522	0.564	0.580	0.586	0.570	0.562	0.050	0.050	0.191	0.239	0.248	0.270	0.273	0.254	0.247	0.254	0.262	0.356	0.051	0.050	0.364	0.321	0.288	0.275	0.271	0.260	0.252	0.255	0.216	0.175	0.052	0.049	0.301	0.347	0.384	0.406	0.397	0.415	0.413	0.440	0.429	0.441	0.051	0.050	0.453	0.422	0.409	0.393	0.444	0.436	0.437	0.412	0.387	0.355	0.059
7:29:29	37.0	0.051	0.887	0.662	0.608	0.768	0.798	0.791	0.802	0.820	0.846	0.812	0.052	0.052	0.564	0.623	0.613	0.619	0.657	0.611	0.649	0.614	0.710	0.859	0.049	0.051	0.604	0.609	0.639	0.643	0.617	0.596	0.651	0.632	0.595	0.633	0.050	0.051	0.550	0.572	0.569	0.521	0.541	0.586	0.603	0.607	0.590	0.583	0.050	0.050	0.195	0.244	0.254	0.276	0.279	0.259	0.253	0.260	0.269	0.365	0.052	0.050	0.382	0.336	0.297	0.281	0.277	0.265	0.257	0.261	0.220	0.177	0.052	0.049	0.312	0.359	0.395	0.417	0.410	0.427	0.425	0.449	0.440	0.457	0.051	0.050	0.471	0.433	0.419	0.405	0.455	0.453	0.450	0.433	0.408	0.363	0.059
7:39:29	37.0	0.051	0.882	0.661	0.611	0.786	0.816	0.807	0.815	0.830	0.858	0.828	0.052	0.052	0.592	0.645	0.635	0.640	0.678	0.633	0.663	0.623	0.714	0.861	0.049	0.051	0.624	0.634	0.665	0.669	0.641	0.623	0.676	0.660	0.625	0.660	0.050	0.051	0.574	0.596	0.590	0.543	0.562	0.607	0.624	0.627	0.609	0.602	0.050	0.050	0.199	0.249	0.260	0.282	0.286	0.266	0.258	0.266	0.275	0.373	0.052	0.050	0.401	0.350	0.306	0.287	0.282	0.270	0.261	0.266	0.223	0.179	0.052	0.049	0.324	0.370	0.407	0.428	0.422	0.438	0.436	0.458	0.450	0.469	0.051	0.050	0.484	0.443	0.428	0.416	0.463	0.465	0.459	0.449	0.426	0.369	0.059
7:49:29	37.0	0.051	0.878	0.660	0.610	0.799	0.830	0.817	0.825	0.839	0.866	0.840	0.052	0.052	0.615	0.665	0.655	0.659	0.695	0.652	0.676	0.625	0.714	0.860	0.049	0.051	0.640	0.657	0.687	0.691	0.662	0.646	0.697	0.682	0.650	0.683	0.050	0.051	0.597	0.616	0.611	0.564	0.580	0.625	0.643	0.644	0.626	0.620	0.050	0.050	0.202	0.254	0.266	0.288	0.292	0.272	0.263	0.272	0.282	0.381	0.052	0.050	0.420	0.362	0.314	0.292	0.289	0.274	0.265	0.270	0.227	0.182	0.052	0.049	0.335	0.381	0.417	0.438	0.432	0.447	0.444	0.463	0.457	0.480	0.051	0.050	0.490	0.451	0.436	0.426	0.470	0.471	0.466	0.460	0.439	0.372	0.059
7:59:29	37.0	0.051	0.874	0.656	0.610	0.805	0.843	0.828	0.833	0.847	0.869	0.846	0.051	0.052	0.639	0.682	0.673	0.677	0.711	0.671	0.692	0.624	0.713	0.857	0.049	0.051	0.657	0.678	0.706	0.710	0.683	0.669	0.716	0.703	0.675	0.705	0.050	0.051	0.619	0.635	0.631	0.586	0.600	0.642	0.662	0.660	0.645	0.638	0.050	0.050	0.206	0.260	0.273	0.294	0.299	0.279	0.269	0.279	0.290	0.388	0.052	0.050	0.438	0.376	0.323	0.299	0.294	0.279	0.270	0.276	0.231	0.184	0.052	0.049	0.347	0.393	0.429	0.449	0.443	0.457	0.453	0.471	0.466	0.492	0.051	0.050	0.501	0.460	0.445	0.437	0.479	0.481	0.474	0.473	0.452	0.380	0.059
8:09:29	37.0	0.051	0.870	0.654	0.613	0.808	0.850	0.832	0.837	0.849	0.872	0.851	0.051	0.052	0.658	0.697	0.690	0.693	0.726	0.689	0.705	0.625	0.713	0.853	0.049	0.051	0.673	0.696	0.723	0.727	0.700	0.690	0.731	0.724	0.695	0.722	0.050	0.051	0.637	0.653	0.649	0.607	0.618	0.660	0.678	0.674	0.662	0.655	0.050	0.050	0.210	0.266	0.279	0.300	0.306	0.286	0.274	0.286	0.297	0.396	0.052	0.050	0.452	0.389	0.333	0.304	0.300	0.284	0.274	0.280	0.235	0.187	0.052	0.049	0.359	0.404	0.440	0.458	0.453	0.465	0.460	0.477	0.472	0.503	0.051	0.050	0.508	0.467	0.452	0.447	0.485	0.488	0.481	0.482	0.463	0.386	0.059
8:19:29	37.0	0.051	0.867	0.652	0.611	0.809	0.852	0.834	0.839	0.851	0.871	0.852	0.051	0.052	0.673	0.709	0.702	0.706	0.739	0.704	0.718	0.625	0.713	0.850	0.049	0.051	0.686	0.710	0.737	0.741	0.713	0.706	0.745	0.738	0.712	0.736	0.050	0.051	0.653	0.666	0.663	0.624	0.633	0.672	0.691	0.686	0.675	0.668	0.050	0.050	0.214	0.271	0.285	0.306	0.312	0.292	0.280	0.293	0.304	0.403	0.051	0.050	0.466	0.399	0.340	0.310	0.305	0.288	0.278	0.285	0.237	0.189	0.052	0.049	0.370	0.415	0.450	0.466	0.462	0.472	0.467	0.482	0.477	0.511	0.051	0.050	0.512	0.474	0.459	0.455	0.490	0.492	0.485	0.486	0.469	0.387	0.059
8:29:29	37.0	0.051	0.864	0.652	0.612	0.812	0.853	0.836	0.840	0.852	0.872	0.856	0.051	0.052	0.685	0.721	0.714	0.719	0.749	0.720	0.730	0.625	0.713	0.849	0.049	0.051	0.697	0.723	0.750	0.754	0.724	0.721	0.755	0.751	0.725	0.747	0.050	0.051	0.666	0.678	0.676	0.638	0.647	0.684	0.702	0.697	0.687	0.680	0.050	0.050	0.218	0.277	0.291	0.313	0.319	0.299	0.287	0.300	0.313	0.410	0.052	0.050	0.480	0.409	0.346	0.315	0.311	0.293	0.283	0.289	0.242	0.191	0.052	0.049	0.381	0.425	0.459	0.474	0.470	0.479	0.474	0.488	0.482	0.520	0.051	0.050	0.515	0.479	0.465	0.461	0.496	0.496	0.490	0.490	0.474	0.391	0.059
8:39:29	37.0	0.051	0.859	0.649	0.608	0.813	0.852	0.836	0.840	0.852	0.874	0.857	0.051	0.052	0.698	0.731	0.726	0.728	0.760	0.733	0.739	0.622	0.711	0.845	0.049	0.051	0.709	0.735	0.756	0.762	0.736	0.736	0.762	0.763	0.739	0.755	0.050	0.051	0.680	0.691	0.689	0.652	0.660	0.696	0.714	0.708	0.698	0.693	0.050	0.050	0.222	0.283	0.298	0.320	0.325	0.304	0.293	0.308	0.321	0.417	0.052	0.050	0.492	0.419	0.354	0.322	0.317	0.299	0.288	0.293	0.246	0.193	0.052	0.049	0.392	0.436	0.468	0.481	0.479	0.486	0.479	0.493	0.488	0.531	0.051	0.050	0.521	0.484	0.471	0.469	0.502	0.502	0.495	0.496	0.479	0.397	0.059
8:49:29	37.0	0.051	0.855	0.646	0.609	0.814	0.852	0.837	0.840	0.852	0.875	0.858	0.051	0.052	0.708	0.739	0.735	0.739	0.770	0.743	0.743	0.619	0.711	0.843	0.049	0.051	0.717	0.744	0.760	0.766	0.746	0.748	0.766	0.771	0.748	0.759	0.050	0.051	0.693	0.702	0.700	0.663	0.670	0.705	0.725	0.717	0.709	0.703	0.050	0.050	0.226	0.288	0.304	0.326	0.332	0.312	0.300	0.317	0.328	0.425	0.052	0.050	0.503	0.428	0.360	0.327	0.323	0.305	0.292	0.297	0.250	0.197	0.052	0.049	0.403	0.445	0.477	0.488	0.486	0.492	0.486	0.498	0.494	0.540	0.051	0.050	0.526	0.489	0.476	0.474	0.508	0.507	0.502	0.501	0.484	0.399	0.059
8:59:29	37.0	0.051	0.852	0.646	0.609	0.816	0.854	0.840	0.843	0.855	0.878	0.862	0.051	0.052	0.715	0.743	0.741	0.749	0.778	0.751	0.748	0.618	0.710	0.840	0.049	0.051	0.723	0.749	0.764	0.769	0.754	0.758	0.769	0.776	0.753	0.764	0.050	0.051	0.703	0.712	0.710	0.675	0.682	0.716	0.734	0.726	0.719	0.712	0.050	0.050	0.231	0.294	0.311	0.334	0.339	0.318	0.306	0.324	0.335	0.431	0.052	0.050	0.515	0.436	0.367	0.331	0.329	0.310	0.298	0.303	0.254	0.199	0.052	0.049	0.413	0.454	0.485	0.495	0.494	0.499	0.491	0.504	0.499	0.549	0.051	0.050	0.532	0.495	0.481	0.480	0.515	0.513	0.508	0.508	0.488	0.404	0.059
9:09:29	37.0	0.051	0.849	0.642	0.608	0.817	0.854	0.841	0.844	0.856	0.882	0.865	0.051	0.052	0.720	0.747	0.745	0.757	0.782	0.756	0.751	0.617	0.709	0.835	0.049	0.051	0.731	0.754	0.768	0.773	0.759	0.766	0.773	0.782	0.759	0.770	0.050	0.051	0.712	0.721	0.719	0.686	0.692	0.726	0.742	0.733	0.727	0.719	0.050	0.051	0.236	0.300	0.318	0.342	0.345	0.327	0.313	0.332	0.344	0.439	0.052	0.050	0.528	0.444	0.374	0.337	0.336	0.316	0.303	0.309	0.258	0.202	0.052	0.049	0.423	0.463	0.493	0.503	0.502	0.506	0.498	0.511	0.505	0.559	0.051	0.050	0.539	0.501	0.487	0.488	0.522	0.520	0.515	0.515	0.494	0.408	0.059
9:19:29	37.0	0.051	0.849	0.643	0.603	0.817	0.853	0.842	0.844	0.855	0.877	0.862	0.051	0.052	0.721	0.747	0.747	0.758	0.784	0.757	0.753	0.617	0.707	0.832	0.049	0.051	0.733	0.754	0.768	0.773	0.760	0.766	0.772	0.782	0.758	0.769	0.050	0.051	0.714	0.722	0.721	0.691	0.699	0.729	0.743	0.734	0.728	0.720	0.050	0.050	0.240	0.306	0.325	0.349	0.351	0.334	0.317	0.339	0.350	0.445	0.052	0.050	0.535	0.453	0.379	0.342	0.341	0.321	0.307	0.314	0.263	0.205	0.052	0.049	0.430	0.469	0.499	0.509	0.508	0.512	0.503	0.516	0.508	0.568	0.051	0.050	0.545	0.506	0.492	0.493	0.528	0.526	0.521	0.522	0.500	0.411	0.059
9:29:29	37.0	0.051	0.847	0.640	0.604	0.818	0.853	0.842	0.845	0.856	0.882	0.865	0.051	0.052	0.727	0.749	0.749	0.762	0.786	0.761	0.755	0.613	0.704	0.831	0.049	0.051	0.738	0.758	0.771	0.776	0.764	0.771	0.775	0.787	0.764	0.774	0.050	0.051	0.722	0.728	0.728	0.699	0.709	0.736	0.748	0.739	0.734	0.728	0.050	0.050	0.245	0.312	0.332	0.357	0.358	0.343	0.322	0.347	0.357	0.452	0.051	0.050	0.547	0.462	0.386	0.346	0.346	0.327	0.313	0.320	0.267	0.208	0.052	0.049	0.439	0.477	0.507	0.516	0.516	0.519	0.509	0.522	0.513	0.578	0.051	0.050	0.554	0.514	0.499	0.501	0.536	0.534	0.529	0.529	0.506	0.416	0.059
9:39:29	37.0	0.051	0.848	0.638	0.602	0.819	0.854	0.842	0.845	0.857	0.883	0.866	0.051	0.052	0.731	0.751	0.751	0.764	0.788	0.763	0.757	0.612	0.705	0.827	0.049	0.051	0.742	0.761	0.772	0.778	0.767	0.776	0.776	0.789	0.768	0.775	0.050	0.051	0.727	0.733	0.732	0.704	0.714	0.739	0.751	0.742	0.738	0.731	0.050	0.050	0.250	0.319	0.339	0.364	0.364	0.350	0.327	0.354	0.365	0.459	0.052	0.050	0.558	0.470	0.392	0.350	0.353	0.332	0.320	0.325	0.272	0.212	0.052	0.049	0.447	0.486	0.516	0.524	0.524	0.527	0.514	0.527	0.519	0.585	0.051	0.050	0.562	0.521	0.507	0.508	0.544	0.541	0.536	0.536	0.513	0.422	0.059
9:49:29	37.0	0.051	0.849	0.637	0.604	0.821	0.855	0.844	0.847	0.859	0.883	0.867	0.051	0.052	0.732	0.752	0.751	0.766	0.789	0.765	0.760	0.609	0.704	0.826	0.049	0.051	0.742	0.761	0.772	0.779	0.768	0.777	0.777	0.789	0.768	0.776	0.050	0.051	0.728	0.735	0.734	0.707	0.718	0.741	0.753	0.744	0.739	0.733	0.050	0.050	0.255	0.325	0.347	0.371	0.370	0.358	0.331	0.364	0.371	0.467	0.052	0.050	0.570	0.479	0.399	0.355	0.359	0.338	0.326	0.331	0.277	0.216	0.052	0.049	0.455	0.493	0.524	0.531	0.533	0.534	0.521	0.533	0.525	0.594	0.051	0.050	0.571	0.529	0.513	0.515	0.552	0.548	0.544	0.543	0.519	0.425	0.059
9:59:29	37.0	0.051	0.850	0.635	0.603	0.821	0.855	0.844	0.847	0.858	0.885	0.868	0.051	0.052	0.734	0.752	0.753	0.767	0.790	0.766	0.760	0.608	0.703	0.826	0.049	0.051	0.743	0.762	0.774	0.780	0.770	0.780	0.778	0.792	0.771	0.777	0.050	0.051	0.732	0.738	0.736	0.711	0.723	0.744	0.755	0.746	0.742	0.735	0.050	0.050	0.261	0.331	0.354	0.379	0.377	0.367	0.336	0.372	0.378	0.476	0.052	0.050	0.587	0.489	0.405	0.359	0.365	0.343	0.330	0.336	0.282	0.220	0.052	0.049	0.463	0.502	0.533	0.540	0.541	0.541	0.527	0.539	0.530	0.603	0.051	0.050	0.582	0.537	0.520	0.523	0.560	0.555	0.551	0.551	0.527	0.430	0.059
10:09:29	37.0	0.051	0.851	0.634	0.603	0.823	0.857	0.847	0.850	0.862	0.890	0.872	0.050	0.052	0.738	0.754	0.754	0.770	0.792	0.769	0.762	0.604	0.703	0.824	0.049	0.051	0.747	0.765	0.776	0.782	0.773	0.784	0.781	0.796	0.774	0.781	0.050	0.051	0.736	0.742	0.741	0.717	0.728	0.748	0.758	0.749	0.746	0.739	0.050	0.050	0.267	0.338	0.361	0.385	0.384	0.376	0.343	0.383	0.385	0.487	0.052	0.050	0.602	0.501	0.413	0.363	0.372	0.352	0.336	0.342	0.288	0.224	0.052	0.049	0.471	0.512	0.542	0.548	0.550	0.549	0.535	0.546	0.536	0.613	0.051	0.050	0.593	0.547	0.528	0.532	0.571	0.565	0.560	0.559	0.535	0.434	0.059
10:19:29	37.0	0.051	0.852	0.632	0.603	0.825	0.860	0.850	0.852	0.865	0.894	0.875	0.050	0.052	0.740	0.755	0.756	0.772	0.794	0.772	0.764	0.601	0.702	0.826	0.049	0.051	0.749	0.766	0.778	0.784	0.775	0.786	0.783	0.798	0.777	0.784	0.049	0.051	0.739	0.746	0.743	0.721	0.732	0.751	0.761	0.751	0.748	0.741	0.050	0.050	0.273	0.345	0.369	0.392	0.391	0.386	0.350	0.399	0.396	0.499	0.052	0.050	0.614	0.511	0.421	0.368	0.379	0.357	0.343	0.348	0.293	0.227	0.052	0.049	0.480	0.521	0.552	0.558	0.559	0.556	0.542	0.552	0.542	0.622	0.051	0.050	0.605	0.556	0.535	0.541	0.579	0.574	0.569	0.567	0.542	0.439	0.059
10:29:29	37.0	0.051	0.853	0.632	0.603	0.827	0.862	0.853	0.856	0.868	0.899	0.880	0.050	0.052	0.742	0.756	0.758	0.773	0.796	0.774	0.767	0.600	0.701	0.825	0.049	0.051	0.752	0.767	0.780	0.785	0.777	0.790	0.785	0.802	0.780	0.788	0.050	0.051	0.743	0.750	0.746	0.726	0.736	0.754	0.764	0.754	0.752	0.744	0.050	0.050	0.279	0.352	0.377	0.399	0.397	0.396	0.358	0.414	0.406	0.517	0.052	0.050	0.627	0.521	0.430	0.374	0.387	0.364	0.348	0.354	0.299	0.231	0.052	0.049	0.489	0.530	0.562	0.567	0.568	0.564	0.547	0.559	0.550	0.632	0.051	0.050	0.616	0.566	0.543	0.549	0.588	0.583	0.579	0.577	0.550	0.443	0.059
10:39:29	37.0	0.051	0.858	0.631	0.603	0.831	0.866	0.857	0.860	0.874	0.905	0.885	0.050	0.052	0.746	0.758	0.760	0.776	0.798	0.777	0.770	0.599	0.700	0.826	0.049	0.051	0.755	0.769	0.783	0.788	0.781	0.794	0.789	0.805	0.785	0.792	0.050	0.051	0.747	0.754	0.750	0.730	0.741	0.758	0.767	0.758	0.756	0.748	0.050	0.050	0.285	0.359	0.384	0.407	0.406	0.405	0.367	0.429	0.420	0.535	0.052	0.050	0.639	0.533	0.438	0.380	0.392	0.370	0.355	0.360	0.304	0.236	0.052	0.049	0.498	0.541	0.573	0.577	0.578	0.572	0.556	0.566	0.557	0.643	0.051	0.050	0.628	0.576	0.553	0.559	0.598	0.592	0.590	0.588	0.560	0.446	0.059
10:49:29	37.0	0.051	0.862	0.631	0.604	0.832	0.867	0.859	0.862	0.874	0.906	0.886	0.050	0.052	0.747	0.759	0.761	0.776	0.798	0.778	0.771	0.598	0.699	0.825	0.049	0.051	0.755	0.769	0.782	0.787	0.781	0.794	0.789	0.805	0.784	0.792	0.050	0.051	0.747	0.755	0.750	0.731	0.741	0.758	0.768	0.758	0.756	0.748	0.050	0.050	0.291	0.367	0.390	0.414	0.412	0.413	0.372	0.435	0.432	0.553	0.052	0.050	0.651	0.544	0.447	0.386	0.399	0.377	0.360	0.366	0.310	0.241	0.052	0.049	0.507	0.551	0.583	0.586	0.587	0.579	0.562	0.573	0.564	0.655	0.051	0.050	0.640	0.586	0.560	0.567	0.608	0.604	0.601	0.601	0.570	0.452	0.059
10:59:29	37.0	0.051	0.866	0.632	0.604	0.831	0.866	0.858	0.861	0.872	0.904	0.884	0.050	0.052	0.744	0.758	0.759	0.775	0.798	0.776	0.770	0.600	0.700	0.828	0.049	0.051	0.753	0.768	0.782	0.787	0.778	0.792	0.786	0.802	0.781	0.788	0.050	0.051	0.746	0.753	0.748	0.730	0.740	0.756	0.765	0.754	0.753	0.743	0.050	0.050	0.297	0.373	0.398	0.421	0.419	0.419	0.381	0.443	0.444	0.563	0.051	0.050	0.662	0.553	0.455	0.391	0.405	0.382	0.366	0.372	0.315	0.245	0.052	0.049	0.515	0.559	0.591	0.594	0.594	0.584	0.568	0.579	0.572	0.662	0.051	0.050	0.650	0.596	0.567	0.574	0.615	0.610	0.607	0.608	0.576	0.456	0.059
11:09:29	37.0	0.051	0.872	0.632	0.606	0.836	0.870	0.863	0.865	0.877	0.913	0.891	0.050	0.052	0.748	0.759	0.762	0.778	0.800	0.778	0.771	0.597	0.698	0.830	0.049	0.051	0.756	0.770	0.785	0.789	0.782	0.796	0.789	0.806	0.786	0.793	0.050	0.051	0.749	0.756	0.752	0.735	0.744	0.760	0.769	0.759	0.757	0.748	0.050	0.050	0.304	0.381	0.406	0.430	0.427	0.427	0.388	0.449	0.451	0.582	0.052	0.050	0.675	0.563	0.466	0.399	0.414	0.390	0.374	0.380	0.321	0.249	0.052	0.049	0.524	0.570	0.599	0.602	0.603	0.592	0.577	0.588	0.581	0.673	0.051	0.050	0.664	0.604	0.575	0.583	0.625	0.622	0.619	0.621	0.588	0.459	0.059
11:19:29	37.0	0.051	0.877	0.632	0.608	0.841	0.874	0.868	0.871	0.883	0.919	0.897	0.050	0.052	0.750	0.761	0.763	0.780	0.802	0.781	0.774	0.596	0.699	0.834	0.049	0.051	0.759	0.772	0.788	0.792	0.784	0.798	0.792	0.810	0.789	0.796	0.050	0.051	0.752	0.759	0.754	0.739	0.747	0.763	0.772	0.762	0.760	0.751	0.050	0.050	0.311	0.389	0.414	0.438	0.434	0.433	0.395	0.458	0.462	0.606	0.052	0.050	0.687	0.574	0.478	0.406	0.423	0.396	0.382	0.386	0.328	0.255	0.052	0.049	0.533	0.581	0.609	0.609	0.609	0.600	0.584	0.597	0.590	0.684	0.051	0.050	0.678	0.614	0.583	0.592	0.633	0.632	0.630	0.633	0.597	0.465	0.059
11:29:29	37.0	0.051	0.881	0.635	0.608	0.841	0.875	0.869	0.871	0.883	0.921	0.898	0.050	0.052	0.750	0.761	0.763	0.779	0.801	0.780	0.773	0.596	0.701	0.836	0.049	0.051	0.759	0.771	0.787	0.792	0.783	0.798	0.792	0.808	0.788	0.796	0.050	0.051	0.753	0.759	0.754	0.739	0.746	0.761	0.771	0.760	0.758	0.750	0.050	0.050	0.318	0.396	0.421	0.444	0.444	0.439	0.400	0.465	0.473	0.620	0.051	0.050	0.697	0.585	0.487	0.413	0.429	0.403	0.387	0.393	0.332	0.260	0.052	0.049	0.542	0.591	0.616	0.616	0.615	0.606	0.592	0.605	0.598	0.696	0.051	0.050	0.688	0.621	0.589	0.600	0.641	0.641	0.639	0.643	0.606	0.471	0.059
11:39:29	37.0	0.051	0.886	0.635	0.612	0.848	0.880	0.875	0.877	0.889	0.929	0.905	0.050	0.052	0.752	0.762	0.764	0.781	0.804	0.782	0.776	0.596	0.701	0.837	0.049	0.051	0.762	0.773	0.790	0.794	0.785	0.800	0.795	0.811	0.791	0.799	0.050	0.051	0.756	0.762	0.757	0.742	0.749	0.765	0.774	0.763	0.761	0.753	0.050	0.050	0.326	0.404	0.430	0.451	0.450	0.446	0.410	0.472	0.484	0.629	0.052	0.050	0.714	0.599	0.499	0.422	0.436	0.411	0.393	0.400	0.339	0.265	0.052	0.049	0.551	0.600	0.625	0.624	0.619	0.614	0.601	0.615	0.608	0.708	0.051	0.050	0.699	0.631	0.595	0.609	0.648	0.649	0.647	0.653	0.616	0.476	0.059
11:49:29	37.0	0.051	0.890	0.638	0.613	0.852	0.884	0.880	0.882	0.894	0.936	0.910	0.050	0.052	0.754	0.763	0.766	0.782	0.805	0.784	0.778	0.599	0.701	0.842	0.049	0.051	0.765	0.775	0.792	0.797	0.787	0.803	0.797	0.814	0.793	0.801	0.050	0.051	0.758	0.764	0.759	0.745	0.752	0.767	0.776	0.765	0.763	0.755	0.050	0.050	0.332	0.412	0.441	0.459	0.460	0.453	0.416	0.479	0.491	0.641	0.052	0.050	0.746	0.616	0.512	0.432	0.446	0.418	0.401	0.405	0.345	0.269	0.052	0.049	0.561	0.607	0.636	0.632	0.624	0.620	0.609	0.626	0.618	0.721	0.051	0.050	0.715	0.642	0.601	0.616	0.654	0.655	0.653	0.658	0.623	0.482	0.059
11:59:29	37.0	0.051	0.896	0.639	0.616	0.857	0.888	0.885	0.887	0.899	0.942	0.916	0.050	0.052	0.756	0.765	0.767	0.784	0.807	0.786	0.779	0.600	0.702	0.844	0.049	0.051	0.767	0.776	0.794	0.799	0.789	0.805	0.799	0.816	0.795	0.804	0.050	0.051	0.760	0.766	0.760	0.747	0.753	0.769	0.777	0.767	0.765	0.758	0.050	0.050	0.340	0.420	0.451	0.467	0.469	0.459	0.423	0.485	0.499	0.654	0.051	0.050	0.773	0.633	0.523	0.441	0.456	0.427	0.409	0.413	0.352	0.274	0.052	0.049	0.569	0.616	0.648	0.639	0.629	0.629	0.619	0.639	0.630	0.740	0.051	0.050	0.734	0.654	0.611	0.622	0.660	0.665	0.659	0.665	0.628	0.489	0.059
12:09:29	37.0	0.051	0.902	0.641	0.617	0.860	0.891	0.888	0.891	0.903	0.947	0.919	0.050	0.052	0.756	0.764	0.767	0.783	0.807	0.785	0.780	0.600	0.703	0.849	0.049	0.051	0.768	0.778	0.797	0.800	0.789	0.805	0.800	0.816	0.796	0.804	0.050	0.051	0.761	0.766	0.760	0.747	0.753	0.768	0.778	0.766	0.765	0.759	0.050	0.050	0.348	0.428	0.460	0.474	0.477	0.466	0.430	0.493	0.508	0.667	0.052	0.050	0.793	0.648	0.534	0.450	0.464	0.434	0.416	0.418	0.357	0.278	0.052	0.049	0.576	0.626	0.659	0.649	0.635	0.636	0.630	0.654	0.643	0.758	0.051	0.050	0.753	0.666	0.617	0.628	0.663	0.672	0.666	0.673	0.634	0.495	0.059
12:19:29	37.0	0.051	0.905	0.643	0.622	0.865	0.896	0.894	0.896	0.909	0.954	0.925	0.050	0.052	0.758	0.766	0.768	0.785	0.809	0.787	0.782	0.602	0.706	0.853	0.049	0.051	0.771	0.779	0.800	0.803	0.792	0.807	0.801	0.819	0.798	0.807	0.050	0.051	0.764	0.769	0.763	0.750	0.756	0.770	0.780	0.769	0.768	0.762	0.050	0.050	0.355	0.438	0.470	0.483	0.486	0.473	0.440	0.501	0.517	0.677	0.052	0.050	0.814	0.663	0.542	0.458	0.472	0.442	0.424	0.426	0.364	0.280	0.052	0.049	0.585	0.639	0.673	0.658	0.642	0.645	0.639	0.668	0.655	0.776	0.051	0.050	0.774	0.681	0.626	0.634	0.667	0.683	0.675	0.681	0.642	0.502	0.059
12:29:29	37.0	0.051	0.909	0.649	0.624	0.866	0.897	0.894	0.897	0.908	0.954	0.924	0.050	0.052	0.757	0.766	0.768	0.784	0.807	0.786	0.781	0.605	0.709	0.858	0.049	0.051	0.771	0.779	0.800	0.803	0.789	0.805	0.800	0.816	0.795	0.805	0.050	0.051	0.762	0.766	0.760	0.748	0.754	0.768	0.777	0.766	0.766	0.759	0.050	0.050	0.362	0.447	0.480	0.490	0.496	0.481	0.448	0.509	0.524	0.687	0.052	0.050	0.830	0.675	0.550	0.466	0.480	0.450	0.430	0.432	0.370	0.283	0.052	0.049	0.593	0.650	0.688	0.666	0.649	0.652	0.650	0.680	0.670	0.794	0.051	0.050	0.800	0.695	0.636	0.642	0.673	0.692	0.685	0.688	0.649	0.506	0.059
12:39:29	37.0	0.051	0.913	0.649	0.626	0.873	0.904	0.903	0.906	0.918	0.967	0.934	0.050	0.052	0.760	0.768	0.770	0.787	0.811	0.789	0.784	0.607	0.709	0.864	0.049	0.051	0.775	0.782	0.804	0.807	0.792	0.810	0.803	0.821	0.799	0.810	0.050	0.051	0.765	0.770	0.764	0.752	0.757	0.772	0.781	0.770	0.770	0.765	0.050	0.050	0.370	0.456	0.490	0.498	0.506	0.490	0.459	0.517	0.535	0.703	0.052	0.050	0.850	0.688	0.558	0.475	0.487	0.459	0.439	0.440	0.377	0.287	0.052	0.049	0.606	0.663	0.702	0.675	0.656	0.660	0.658	0.694	0.685	0.811	0.051	0.050	0.824	0.710	0.647	0.649	0.683	0.703	0.692	0.696	0.661	0.513	0.059
12:49:29	37.0	0.051	0.918	0.652	0.629	0.881	0.911	0.911	0.913	0.925	0.977	0.943	0.050	0.052	0.763	0.770	0.773	0.789	0.814	0.792	0.787	0.611	0.712	0.869	0.049	0.051	0.780	0.786	0.809	0.811	0.796	0.814	0.808	0.826	0.804	0.816	0.050	0.051	0.769	0.773	0.767	0.756	0.761	0.776	0.785	0.774	0.774	0.771	0.050	0.050	0.380	0.464	0.499	0.507	0.516	0.498	0.469	0.526	0.547	0.717	0.052	0.050	0.868	0.705	0.569	0.487	0.495	0.466	0.445	0.447	0.384	0.292	0.052	0.049	0.621	0.679	0.719	0.683	0.662	0.667	0.669	0.706	0.701	0.827	0.051	0.050	0.843	0.725	0.652	0.656	0.688	0.712	0.699	0.704	0.670	0.521	0.059
12:59:29	37.0	0.051	0.924	0.658	0.631	0.884	0.913	0.913	0.916	0.927	0.978	0.945	0.050	0.052	0.763	0.771	0.773	0.789	0.814	0.792	0.788	0.614	0.714	0.876	0.049	0.051	0.783	0.788	0.810	0.813	0.794	0.814	0.808	0.824	0.803	0.814	0.050	0.051	0.769	0.773	0.767	0.755	0.759	0.774	0.784	0.773	0.773	0.770	0.050	0.050	0.387	0.471	0.506	0.516	0.526	0.507	0.478	0.535	0.559	0.721	0.052	0.050	0.883	0.721	0.579	0.496	0.505	0.476	0.452	0.453	0.390	0.294	0.052	0.049	0.634	0.694	0.734	0.691	0.670	0.674	0.678	0.718	0.719	0.842	0.051	0.050	0.863	0.738	0.658	0.662	0.696	0.719	0.705	0.712	0.677	0.527	0.059
13:09:29	37.0	0.051	0.927	0.661	0.637	0.889	0.918	0.919	0.920	0.932	0.986	0.952	0.050	0.052	0.765	0.773	0.774	0.790	0.814	0.793	0.789	0.617	0.717	0.879	0.049	0.051	0.786	0.790	0.812	0.815	0.796	0.815	0.809	0.827	0.804	0.816	0.050	0.051	0.771	0.775	0.767	0.757	0.761	0.776	0.786	0.774	0.775	0.772	0.050	0.050	0.395	0.480	0.517	0.526	0.533	0.516	0.489	0.545	0.572	0.730	0.051	0.050	0.898	0.735	0.589	0.508	0.511	0.486	0.460	0.462	0.398	0.295	0.052	0.049	0.649	0.709	0.746	0.701	0.677	0.685	0.687	0.731	0.735	0.860	0.051	0.050	0.874	0.750	0.662	0.666	0.703	0.726	0.711	0.719	0.686	0.536	0.059
13:19:29	37.0	0.051	0.932	0.664	0.639	0.894	0.922	0.922	0.924	0.936	0.991	0.957	0.050	0.052	0.766	0.774	0.776	0.790	0.816	0.793	0.789	0.619	0.720	0.885	0.049	0.051	0.788	0.792	0.815	0.818	0.797	0.816	0.811	0.827	0.805	0.817	0.050	0.051	0.771	0.775	0.769	0.757	0.761	0.776	0.786	0.774	0.775	0.774	0.050	0.050	0.399	0.489	0.526	0.536	0.544	0.524	0.498	0.554	0.580	0.741	0.051	0.050	0.912	0.747	0.601	0.519	0.519	0.494	0.468	0.468	0.404	0.298	0.052	0.049	0.662	0.725	0.758	0.712	0.685	0.699	0.701	0.744	0.751	0.876	0.051	0.050	0.883	0.760	0.666	0.670	0.709	0.735	0.720	0.726	0.696	0.545	0.059
13:29:29	37.0	0.051	0.937	0.667	0.648	0.899	0.926	0.927	0.929	0.941	0.998	0.963	0.050	0.052	0.767	0.775	0.776	0.791	0.817	0.795	0.790	0.621	0.723	0.888	0.049	0.051	0.791	0.794	0.818	0.820	0.797	0.818	0.812	0.827	0.805	0.817	0.050	0.051	0.772	0.775	0.768	0.757	0.762	0.776	0.785	0.774	0.776	0.776	0.050	0.050	0.407	0.499	0.537	0.546	0.553	0.532	0.507	0.563	0.583	0.746	0.052	0.050	0.925	0.757	0.612	0.529	0.528	0.505	0.477	0.477	0.411	0.298	0.052	0.049	0.680	0.743	0.773	0.730	0.695	0.716	0.712	0.757	0.766	0.892	0.051	0.050	0.898	0.769	0.668	0.674	0.718	0.743	0.729	0.736	0.706	0.554	0.059
13:39:29	37.0	0.051	0.943	0.671	0.655	0.907	0.934	0.936	0.937	0.950	1.009	0.973	0.050	0.052	0.770	0.777	0.780	0.794	0.820	0.797	0.794	0.627	0.726	0.892	0.049	0.051	0.796	0.797	0.822	0.824	0.801	0.822	0.816	0.832	0.810	0.822	0.050	0.051	0.776	0.779	0.772	0.760	0.764	0.780	0.789	0.779	0.780	0.781	0.050	0.050	0.414	0.508	0.547	0.556	0.563	0.540	0.517	0.572	0.593	0.763	0.052	0.050	0.939	0.772	0.622	0.539	0.535	0.514	0.486	0.485	0.420	0.300	0.052	0.049	0.696	0.757	0.785	0.746	0.702	0.731	0.728	0.774	0.780	0.908	0.051	0.050	0.908	0.780	0.673	0.678	0.726	0.755	0.739	0.746	0.717	0.564	0.059
13:49:29	37.0	0.051	0.947	0.676	0.653	0.911	0.938	0.939	0.942	0.954	1.013	0.977	0.050	0.052	0.771	0.779	0.781	0.794	0.820	0.797	0.794	0.627	0.729	0.893	0.049	0.051	0.799	0.799	0.823	0.826	0.800	0.822	0.816	0.832	0.808	0.821	0.050	0.051	0.776	0.778	0.771	0.760	0.764	0.778	0.788	0.778	0.780	0.781	0.050	0.050	0.419	0.518	0.557	0.566	0.574	0.548	0.529	0.581	0.599	0.766	0.052	0.050	0.952	0.782	0.635	0.548	0.543	0.523	0.495	0.492	0.425	0.303	0.052	0.049	0.712	0.773	0.802	0.760	0.717	0.748	0.743	0.787	0.796	0.923	0.051	0.050	0.920	0.787	0.676	0.680	0.736	0.770	0.751	0.759	0.729	0.575	0.059
13:59:29	37.0	0.051	0.950	0.681	0.664	0.917	0.944	0.946	0.948	0.959	1.020	0.984	0.050	0.052	0.773	0.781	0.782	0.795	0.822	0.799	0.795	0.630	0.733	0.895	0.049	0.051	0.802	0.801	0.827	0.829	0.801	0.823	0.818	0.833	0.810	0.823	0.050	0.051	0.777	0.779	0.772	0.760	0.764	0.779	0.788	0.779	0.781	0.784	0.050	0.050	0.426	0.527	0.566	0.576	0.584	0.556	0.539	0.590	0.606	0.770	0.051	0.050	0.964	0.792	0.645	0.559	0.552	0.533	0.504	0.501	0.432	0.304	0.052	0.049	0.726	0.788	0.814	0.772	0.732	0.760	0.759	0.801	0.807	0.935	0.051	0.050	0.933	0.791	0.682	0.684	0.749	0.784	0.763	0.770	0.739	0.586	0.059
0:00:00																																																																																																	
0:00:00																																																																																																	
0:00:00																																																																																																	
0:00:00																																																																																																	
0:00:00																																																																																																	
0:00:00																																																																																																	
0:00:00																																																																																																	
0:00:00																																																																																																	
0:00:00																																																																																																	
0:00:00																																																																																																	
0:00:00																																																																																																	
0:00:00																																																																																																	
0:00:00																																																																																																	
0:00:00																																																																																																	
0:00:00																																																																																																	
0:00:00																																																																																																	
0:00:00																																																																																																	
0:00:00																																																																																																	
0:00:00																																																																																																	
0:00:00																																																																																																	
0:00:00																																																																																																	
0:00:00																																																																																																	
0:00:00																																																																																																	
0:00:00																																																																																																	
0:00:00																																																																																																	
0:00:00																																																																																																	
0:00:00																																																																																																	
0:00:00																																																																																																	
0:00:00																																																																																																	
0:00:00																																																																																																	
0:00:00																																																																																																	
0:00:00																																																																																																	
0:00:00																																																																																																	
0:00:00																																																																																																	
0:00:00																																																																																																	
0:00:00																																																																																																	
0:00:00																																																																																																	
0:00:00																																																																																																	
0:00:00																																																																																																	
0:00:00																																																																																																	
0:00:00																																																																																																	
0:00:00																																																																																																	
0:00:00																																																																																																	
0:00:00																																																																																																	
0:00:00																																																																																																	
0:00:00																																																																																																	
0:00:00																																																																																																	
0:00:00																																																																																																	
0:00:00																																																																																																	
0:00:00																																																																																																	
0:00:00																																																																																																	
0:00:00																																																																																																	
0:00:00																																																																																																	
0:00:00																																																																																																	
0:00:00																																																																																																	
0:00:00																																																																																																	
0:00:00																																																																																																	
0:00:00																																																																																																	
0:00:00																																																																																																	
0:00:00																																																																																																	
0:00:00																																																																																																	

Results
	1	2	3	4	5	6	7	8	9	10	11	12
A	-0.040	2.650	2.310	2.240	3.690	3.670	3.870	4.070	4.330	4.710	4.390	-0.040	Max V [600]
	1.000	1.000	1.000	1.000	1.000	1.000	1.000	1.000	1.000	1.000	1.000	1.000	R-Squared [600]
	4:24:29	5:04:29	5:34:29	6:34:29	6:24:29	6:54:29	6:04:29	6:44:29	5:04:29	6:24:29	6:54:29	0:14:29	t at Max V [600]
	4:19:29	3:06:41	3:28:29	3:42:53	4:10:21	4:07:12	4:04:07	4:21:08	3:46:50	4:23:51	4:31:21	0:09:29	Lagtime [600]
B	0.030	2.760	3.450	2.780	2.340	2.550	2.550	2.150	1.920	1.970	2.510	0.040	Max V [600]
	1.000	1.000	1.000	1.000	1.000	1.000	1.000	1.000	1.000	1.000	1.000	1.000	R-Squared [600]
	13:24:29	7:34:29	7:14:29	7:24:29	6:54:29	6:54:29	7:14:29	5:14:29	6:44:29	6:24:29	4:14:29	13:24:29	t at Max V [600]
	13:36:09	4:32:56	4:49:46	4:17:02	3:35:56	3:45:10	4:01:34	2:46:50	3:18:02	3:12:07	3:00:45	13:39:29	Lagtime [600]
C	0.030	2.440	2.860	3.550	2.650	2.520	2.640	2.880	2.830	3.000	3.050	-0.030	Max V [600]
	1.000	1.000	1.000	1.000	1.000	1.000	1.000	1.000	1.000	1.000	1.000	1.000	R-Squared [600]
	13:24:29	7:04:29	7:14:29	7:04:29	7:04:29	7:24:29	7:34:29	7:04:29	7:24:29	7:34:29	7:14:29	0:24:29	t at Max V [600]
	13:32:49	3:52:38	4:24:10	4:50:20	3:56:17	3:57:20	4:15:10	4:11:05	4:16:01	4:37:09	4:26:30	0:16:09	Lagtime [600]
D	0.030	2.440	2.470	2.340	2.220	2.210	2.250	2.580	2.370	2.200	2.430	0.040	Max V [600]
	1.000	1.000	1.000	1.000	1.000	1.000	1.000	1.000	1.000	1.000	1.000	1.000	R-Squared [600]
	4:14:29	7:24:29	7:24:29	4:54:29	7:54:29	5:24:29	7:14:29	7:14:29	7:04:29	6:54:29	6:54:29	12:14:29	t at Max V [600]
	4:19:29	4:13:18	4:08:33	3:17:00	4:09:37	3:30:15	3:44:22	4:04:55	3:44:18	3:35:24	3:58:15	12:29:29	Lagtime [600]
E	-0.030	1.000	0.980	1.090	1.040	1.090	1.040	1.210	1.570	1.380	2.410	0.040	Max V [600]
	1.000	1.000	1.000	1.000	1.000	1.000	1.000	1.000	1.000	1.000	1.000	1.000	R-Squared [600]
	9:14:29	12:44:29	13:44:29	11:44:29	13:54:29	13:44:29	10:14:29	13:44:29	10:24:29	10:34:29	11:14:29	9:34:29	t at Max V [600]
	9:26:09	7:28:11	6:02:08	5:58:56	5:43:31	5:56:55	5:02:34	7:18:15	6:42:21	6:17:06	7:32:43	9:36:59	Lagtime [600]
F	-0.030	3.180	1.700	1.330	1.210	1.020	1.070	0.930	0.900	0.970	0.550	0.030	Max V [600]
	1.000	1.000	1.000	1.000	1.000	1.000	1.000	1.000	1.000	1.000	1.000	1.000	R-Squared [600]
	9:14:29	11:44:29	11:44:29	13:44:29	13:04:29	11:44:29	13:24:29	13:24:29	13:04:29	13:34:29	11:14:29	13:24:29	t at Max V [600]
	9:12:49	8:13:06	6:20:57	6:35:34	6:57:30	5:31:38	6:33:19	5:57:01	5:38:16	7:26:30	5:16:24	13:29:29	Lagtime [600]
G	0.020	1.770	1.870	1.720	1.740	1.720	1.740	1.620	1.750	1.950	1.910	0.040	Max V [600]
	1.000	1.000	1.000	1.000	1.000	1.000	1.000	1.000	1.000	1.000	1.000	1.000	R-Squared [600]
	13:24:29	13:24:29	13:24:29	13:44:29	13:24:29	6:34:29	13:44:29	13:54:29	6:24:29	6:24:29	6:24:29	3:24:29	t at Max V [600]
	13:29:29	7:36:53	7:22:22	6:37:13	7:04:50	3:55:42	7:14:08	6:48:11	3:33:43	3:58:55	3:57:04	3:29:29	Lagtime [600]
H	-0.030	2.550	2.150	1.920	1.940	2.110	2.240	2.280	2.430	2.760	1.720	0.760	Max V [600]
	1.000	1.000	1.000	1.000	1.000	1.000	1.000	1.000	1.000	1.000	1.000	1.000	R-Squared [600]
	4:24:29	12:24:29	6:04:29	6:04:29	5:34:29	6:04:29	6:24:29	6:24:29	7:14:29	7:14:29	6:04:29	2:14:29	t at Max V [600]
	4:19:29	7:36:02	4:09:26	3:48:27	3:57:38	4:04:13	4:24:08	4:21:54	4:52:02	5:18:56	4:14:32	2:10:01	Lagtime [600]

